255 255 255 255 255 255 255 255 255 255 255 255 255 255 255 255
255 255 255 255 255 255 255 202 202 255 255 255 255 255 255 255
255 255 255 255 173  10 104 104 104 104  10 173 255 255 255 255
255 255 255  16 133 248 255 255 255 255 248 133  16 255 255 255
255 255 173 133 255 146 167 255 182  88 255 206   2 173 255 255
255 255  10 225 231  27 239 231  53 247 231 124 248  10 255 255
255 255 104   8 100 185  88  55 176 167  21 173 255 104 255 255
255 201 104 255 255 250 199 255 255 199 250 255 255 104 201 255
255 201 104 255 255 231 131 255 255 131 231 255 255 104 201 255
255 255 104 255 255 255 255 255 255 255 255 255 255 104 255 255
255 255  10 248 255  24 176 255 255 176  24 255 248  10 255 255
255 255 173 133 255 242 120  11  11 120 242 255 133 173 255 255
255 255 255  16 133 248 255 255 255 255 248 133  16 255 255 255
255 255 255 255 173  10 104 104 104 104  10 173 255 255 255 255
255 255 255 255 255 255 255 202 202 255 255 255 255 255 255 255
255 255 255 255 255 255 255 255 255 255 255 255 255 255 255 255
255 255 255 255 255 255 255 255 255 255 255 255 255 255 255 255
255 255 255 255 255 255 255 202 202 255 255 255 255 255 255 255
255 255 255 255 173  10 104 104 104 104  10 173 255 255 255 255
255 255 255  16 133 248 255 255 255 255 248 133  16 255 255 255
255 255 173 133 255 146 167 255 182  88 255 206   2 173 255 255
255 255  10 225 231  27 239 231  53 247 231 124 248  10 255 255
255 255 104   8 100 185  88  55 176 167  21 173 255 104 255 255
255 201 104 255 255 250 199 255 255 199 250 255 255 104 201 255
255 201 104 255 255 231 131 255 255 131 231 255 255 104 201 255
255 255 104 255 255 255 255 255 255 255 255 255 255 104 255 255
255 255  10 248 255  24 176 255 255 176  24 255 248  10 255 255
255 255 173 133 255 242 120  11  11 120 242 255 133 173 255 255
255 255 255  16 133 248 255 255 255 255 248 133  16 255 255 255
255 255 255 255 173  10 104 104 104 104  10 173 255 255 255 255
255 255 255 255 255 255 255 202 202 255 255 255 255 255 255 255
255 255 255 255 255 255 255 255 255 255 255 255 255 255 255 255
255 255 255 255 255 255 255 255 255 255 255 255 255 255 255 255
255 255 255 255 255 255 255 202 202 255 255 255 255 255 255 255
255 255 255 255 173  10 104 104 104 104  10 173 255 255 255 255
255 255 255  16 133 248 255 255 255 255 248 133  16 255 255 255
255 255 173 133 255 146 167 255 182  88 255 206   2 173 255 255
255 255  10 225 231  27 239 231  53 247 231 124 248  10 255 255
255 255 104   8 100 185  88  55 176 167  21 173 255 104 255 255
255 201 104 255 255 250 199 255 255 199 250 255 255 104 201 255
255 201 104 255 255 231 131 255 255 131 231 255 255 104 201 255
255 255 104 255 255 255 255 255 255 255 255 255 255 104 255 255
255 255  10 248 255  24 176 255 255 176  24 255 248  10 255 255
255 255 173 133 255 242 120  11  11 120 242 255 133 173 255 255
255 255 255  16 133 248 255 255 255 255 248 133  16 255 255 255
255 255 255 255 173  10 104 104 104 104  10 173 255 255 255 255
255 255 255 255 255 255 255 202 202 255 255 255 255 255 255 255
255 255 255 255 255 255 255 255 255 255 255 255 255 255 255 255

255 255 255 255 255 255 255 255 255 255 255 255 255 255 255 255
255 255 255 255 255 254 207 154 154 207 254 255 255 255 255 255
255 255 255 254 162  76  95 132 132  95  76 162 254 255 255 255
255 255 254 103   9 166 254 255 255 254 249  93 103 254 255 255
255 255 162  92 199  93 168 255 255 255 255 243  93 162 255 255
255 254  76 249 255 237  98 240 216 240 121 242 249  76 254 255
255 207  95 206 105 193 206 210 130 250 156 110 254  95 207 255
255 154 132 248 171  48 191 255 255 255 255  88 255 132 154 255
255 154 132 255 255 220 104 255 255 255 255  88 255 132 154 255
255 207  95 229 176 216 162 210 130 250 156 110 254  95 207 255
255 254  76 235 136  31 212 240 216 240 121 242 249  76 254 255
255 255 162  93 243 197 116 255 255 255 255 243  93 162 255 255
255 255 254 103  93 236 117 255 255 254 249  93 103 254 255 255
255 255 255 254 162  76  95 132 132  95  76 162 254 255 255 255
255 255 255 255 255 254 207 154 154 207 254 255 255 255 255 255
255 255 255 255 255 255 255 255 255 255 255 255 255 255 255 255
255 255 255 255 255 255 255 255 255 255 255 255 255 255 255 255
255 255 255 255 255 254 207 154 154 207 254 255 255 255 255 255
255 255 255 254 162  76  95 132 132  95  76 162 254 255 255 255
255 255 254 103   9 166 254 255 255 254 249  93 103 254 255 255
255 255 162  92 199  93 168 255 255 255 255 243  93 162 255 255
255 254  76 249 255 237  98 240 216 240 121 242 249  76 254 255
255 207  95 206 105 193 206 210 130 250 156 110 254  95 207 255
255 154 132 248 171  48 191 255 255 255 255  88 255 132 154 255
255 154 132 255 255 220 104 255 255 255 255  88 255 132 154 255
255 207  95 229 176 216 162 210 130 250 156 110 254  95 207 255
255 254  76 235 136  31 212 240 216 240 121 242 249  76 254 255
255 255 162  93 243 197 116 255 255 255 255 243  93 162 255 255
255 255 254 103  93 236 117 255 255 254 249  93 103 254 255 255
255 255 255 254 162  76  95 132 132  95  76 162 254 255 255 255
255 255 255 255 255 254 207 154 154 207 254 255 255 255 255 255
255 255 255 255 255 255 255 255 255 255 255 255 255 255 255 255
255 255 255 255 255 255 255 255 255 255 255 255 255 255 255 255
255 255 255 255 255 254 207 154 154 207 254 255 255 255 255 255
255 255 255 254 162  76  95 132 132  95  76 162 254 255 255 255
255 255 254 103   9 166 254 255 255 254 249  93 103 254 255 255
255 255 162  92 199  93 168 255 255 255 255 243  93 162 255 255
255 254  76 249 255 237  98 240 216 240 121 242 249  76 254 255
255 207  95 206 105 193 206 210 130 250 156 110 254  95 207 255
255 154 132 248 171  48 191 255 255 255 255  88 255 132 154 255
255 154 132 255 255 220 104 255 255 255 255  88 255 132 154 255
255 207  95 229 176 216 162 210 130 250 156 110 254  95 207 255
255 254  76 235 136  31 212 240 216 240 121 242 249  76 254 255
255 255 162  93 243 197 116 255 255 255 255 243  93 162 255 255
255 255 254 103  93 236 117 255 255 254 249  93 103 254 255 255
255 255 255 254 162  76  95 132 132  95  76 162 254 255 255 255
255 255 255 255 255 254 207 154 154 207 254 255 255 255 255 255
255 255 255 255 255 255 255 255 255 255 255 255 255 255 255 255

255 255 255 255 255 255 255 255 255 255 255 255 255 255 255 255
255 255 255 255 255 254 207 154 154 207 254 255 255 255 255 255
255 255 255 254 162  76  95 132 132  95  76 162 254 255 255 255
255 255 254 103  93 249 254 255 255 254 249  93 103 254 255 255
255 255 162  93 243 242 110  88  88 110 242 243  93 162 255 255
255 254  76 249 255 121 156 255 255 156 121 255 249  76 254 255
255 207  95 254 255 240 250 255 255 250 240 255 254  95 207 255
255 154 132 255 255 216 130 255 255 130 216 255 255 132 154 255
255 154 132 255 255 240 210 255 255 210 240 255 255 132 154 255
255 207  95 254 168  98 206 191 104 162 212 116 117  95 207 255
255 254  76 166  93 237 193  48 220 216  31 197 236  76 254 255
255 255 162   9 199 255 105 171 255 176 136 243  93 162 255 255
255 255 254 103  92 249 206 248 255 229 235  93 103 254 255 255
255 255 255 254 162  76  95 132 132  95  76 162 254 255 255 255
255 255 255 255 255 254 207 154 154 207 254 255 255 255 255 255
255 255 255 255 255 255 255 255 255 255 255 255 255 255 255 255
255 255 255 255 255 255 255 255 255 255 255 255 255 255 255 255
255 255 255 255 255 254 207 154 154 207 254 255 255 255 255 255
255 255 255 254 162  76  95 132 132  95  76 162 254 255 255 255
255 255 254 103  93 249 254 255 255 254 249  93 103 254 255 255
255 255 162  93 243 242 110  88  88 110 242 243  93 162 255 255
255 254  76 249 255 121 156 255 255 156 121 255 249  76 254 255
255 207  95 254 255 240 250 255 255 250 240 255 254  95 207 255
255 154 132 255 255 216 130 255 255 130 216 255 255 132 154 255
255 154 132 255 255 240 210 255 255 210 240 255 255 132 154 255
255 207  95 254 168  98 206 191 104 162 212 116 117  95 207 255
255 254  76 166  93 237 193  48 220 216  31 197 236  76 254 255
255 255 162   9 199 255 105 171 255 176 136 243  93 162 255 255
255 255 254 103  92 249 206 248 255 229 235  93 103 254 255 255
255 255 255 254 162  76  95 132 132  95  76 162 254 255 255 255
255 255 255 255 255 254 207 154 154 207 254 255 255 255 255 255
255 255 255 255 255 255 255 255 255 255 255 255 255 255 255 255
255 255 255 255 255 255 255 255 255 255 255 255 255 255 255 255
255 255 255 255 255 254 207 154 154 207 254 255 255 255 255 255
255 255 255 254 162  76  95 132 132  95  76 162 254 255 255 255
255 255 254 103  93 249 254 255 255 254 249  93 103 254 255 255
255 255 162  93 243 242 110  88  88 110 242 243  93 162 255 255
255 254  76 249 255 121 156 255 255 156 121 255 249  76 254 255
255 207  95 254 255 240 250 255 255 250 240 255 254  95 207 255
255 154 132 255 255 216 130 255 255 130 216 255 255 132 154 255
255 154 132 255 255 240 210 255 255 210 240 255 255 132 154 255
255 207  95 254 168  98 206 191 104 162 212 116 117  95 207 255
255 254  76 166  93 237 193  48 220 216  31 197 236  76 254 255
255 255 162   9 199 255 105 171 255 176 136 243  93 162 255 255
255 255 254 103  92 249 206 248 255 229 235  93 103 254 255 255
255 255 255 254 162  76  95 132 132  95  76 162 254 255 255 255
255 255 255 255 255 254 207 154 154 207 254 255 255 255 255 255
255 255 255 255 255 255 255 255 255 255 255 255 255 255 255 255

255 255 255 255 255 255 255 255 255 255 255 255 255 255 255 255
255 255 255 255 255 254 207 154 154 207 254 255 255 255 255 255
255 255 255 254 162  76  95 132 132  95  76 162 254 255 255 255
255 255 254 103  93 249 254 255 255 117 236  93 103 254 255 255
255 255 162  93 243 255 255 255 255 116 197 243  93 162 255 255
255 254  76 249 242 121 240 216 240 212  31 136 235  76 254 255
255 207  95 254 110 156 250 130 210 162 216 176 229  95 207 255
255 154 132 255  88 255 255 255 255 104 220 255 255 132 154 255
255 154 132 255  88 255 255 255 255 191  48 171 248 132 154 255
255 207  95 254 110 156 250 130 210 206 193 105 206  95 207 255
255 254  76 249 242 121 240 216 240  98 237 255 249  76 254 255
255 255 162  93 243 255 255 255 255 168  93 199  92 162 255 255
255 255 254 103  93 249 254 255 255 254 166   9 103 254 255 255
255 255 255 254 162  76  95 132 132  95  76 162 254 255 255 255
255 255 255 255 255 254 207 154 154 207 254 255 255 255 255 255
255 255 255 255 255 255 255 255 255 255 255 255 255 255 255 255
255 255 255 255 255 255 255 255 255 255 255 255 255 255 255 255
255 255 255 255 255 254 207 154 154 207 254 255 255 255 255 255
255 255 255 254 162  76  95 132 132  95  76 162 254 255 255 255
255 255 254 103  93 249 254 255 255 117 236  93 103 254 255 255
255 255 162  93 243 255 255 255 255 116 197 243  93 162 255 255
255 254  76 249 242 121 240 216 240 212  31 136 235  76 254 255
255 207  95 254 110 156 250 130 210 162 216 176 229  95 207 255
255 154 132 255  88 255 255 255 255 104 220 255 255 132 154 255
255 154 132 255  88 255 255 255 255 191  48 171 248 132 154 255
255 207  95 254 110 156 250 130 210 206 193 105 206  95 207 255
255 254  76 249 242 121 240 216 240  98 237 255 249  76 254 255
255 255 162  93 243 255 255 255 255 168  93 199  92 162 255 255
255 255 254 103  93 249 254 255 255 254 166   9 103 254 255 255
255 255 255 254 162  76  95 132 132  95  76 162 254 255 255 255
255 255 255 255 255 254 207 154 154 207 254 255 255 255 255 255
255 255 255 255 255 255 255 255 255 255 255 255 255 255 255 255
255 255 255 255 255 255 255 255 255 255 255 255 255 255 255 255
255 255 255 255 255 254 207 154 154 207 254 255 255 255 255 255
255 255 255 254 162  76  95 132 132  95  76 162 254 255 255 255
255 255 254 103  93 249 254 255 255 117 236  93 103 254 255 255
255 255 162  93 243 255 255 255 255 116 197 243  93 162 255 255
255 254  76 249 242 121 240 216 240 212  31 136 235  76 254 255
255 207  95 254 110 156 250 130 210 162 216 176 229  95 207 255
255 154 132 255  88 255 255 255 255 104 220 255 255 132 154 255
255 154 132 255  88 255 255 255 255 191  48 171 248 132 154 255
255 207  95 254 110 156 250 130 210 206 193 105 206  95 207 255
255 254  76 249 242 121 240 216 240  98 237 255 249  76 254 255
255 255 162  93 243 255 255 255 255 168  93 199  92 162 255 255
255 255 254 103  93 249 254 255 255 254 166   9 103 254 255 255
255 255 255 254 162  76  95 132 132  95  76 162 254 255 255 255
255 255 255 255 255 254 207 154 154 207 254 255 255 255 255 255
255 255 255 255 255 255 255 255 255 255 255 255 255 255 255 255
